AA	UA	CA	GA	AU	UU	CU	GU	AC	UC	CC	GC	AG	UG	CG	GG
+10.0	-2.0	+10.0	+10.0	-2.0	+10.0	+10.0	-1.0	+10.0	+10.0	+10.0	-3.0	+10.0	-1.0	-3.0	+10.0
+10.0	-2.0	+10.0	+10.0	-2.0	+10.0	+10.0	-1.0	+10.0	+10.0	+10.0	-3.0	+10.0	-1.0	-3.0	+10.0
+10.0	-2.0	+10.0	+10.0	-2.0	+10.0	+10.0	-1.0	+10.0	+10.0	+10.0	-3.0	+10.0	-1.0	-3.0	+10.0
+10.0	-2.0	+10.0	+10.0	-2.0	+10.0	+10.0	-1.0	+10.0	+10.0	+10.0	-3.0	+10.0	-1.0	-3.0	+10.0
+10.0	-2.0	+10.0	+10.0	-2.0	+10.0	+10.0	-1.0	+10.0	+10.0	+10.0	-3.0	+10.0	-1.0	-3.0	+10.0
+10.0	-2.0	+10.0	+10.0	-2.0	+10.0	+10.0	-1.0	+10.0	+10.0	+10.0	-3.0	+10.0	-1.0	-3.0	+10.0
+10.0	-2.0	+10.0	+10.0	-2.0	+10.0	+10.0	-1.0	+10.0	+10.0	+10.0	-3.0	+10.0	-1.0	-3.0	+10.0
+10.0	-2.0	+10.0	+10.0	-2.0	+10.0	+10.0	-1.0	+10.0	+10.0	+10.0	-3.0	+10.0	-1.0	-3.0	+10.0
+10.0	-2.0	+10.0	+10.0	-2.0	+10.0	+10.0	-1.0	+10.0	+10.0	+10.0	-3.0	+10.0	-1.0	-3.0	+10.0
+10.0	-2.0	+10.0	+10.0	-2.0	+10.0	+10.0	-1.0	+10.0	+10.0	+10.0	-3.0	+10.0	-1.0	-3.0	+10.0
+10.0	-2.0	+10.0	+10.0	-2.0	+10.0	+10.0	-1.0	+10.0	+10.0	+10.0	-3.0	+10.0	-1.0	-3.0	+10.0
+10.0	-2.0	+10.0	+10.0	-2.0	+10.0	+10.0	-1.0	+10.0	+10.0	+10.0	-3.0	+10.0	-1.0	-3.0	+10.0
+10.0	-2.0	+10.0	+10.0	-2.0	+10.0	+10.0	-1.0	+10.0	+10.0	+10.0	-3.0	+10.0	-1.0	-3.0	+10.0
+10.0	-2.0	+10.0	+10.0	-2.0	+10.0	+10.0	-1.0	+10.0	+10.0	+10.0	-3.0	+10.0	-1.0	-3.0	+10.0
+10.0	-2.0	+10.0	+10.0	-2.0	+10.0	+10.0	-1.0	+10.0	+10.0	+10.0	-3.0	+10.0	-1.0	-3.0	+10.0
+10.0	-2.0	+10.0	+10.0	-2.0	+10.0	+10.0	-1.0	+10.0	+10.0	+10.0	-3.0	+10.0	-1.0	-3.0	+10.0
