118.txt	a	0.0	85.76	7.0	73	67
118.txt	a	0.5	84.18	-15.0	73	67
118.txt	a	0.8	85.70	-17.0	73	67
118.txt	a	1.0	82.93	-17.0	73	67
118.txt	b	0.0	98.64	7.0	73	67
118.txt	b	0.5	97.00	-15.0	73	67
118.txt	b	0.8	95.39	-17.0	73	67
118.txt	b	1.0	93.96	-17.0	73	67
121.txt	a	0.0	92.48	4.0	27	7
121.txt	a	0.5	92.30	-22.0	27	7
121.txt	a	0.8	91.17	-21.0	27	7
121.txt	a	1.0	92.05	-21.0	27	7
121.txt	b	0.0	99.96	4.0	27	7
121.txt	b	0.5	99.13	-22.0	27	7
121.txt	b	0.8	98.66	-21.0	27	7
121.txt	b	1.0	98.39	-21.0	27	7
130.txt	a	0.0	81.48	-2.0	73	48
130.txt	a	0.5	78.23	-18.0	73	48
130.txt	a	0.8	75.49	-20.0	73	48
130.txt	a	1.0	76.51	-25.0	73	48
130.txt	b	0.0	96.00	-2.0	73	48
130.txt	b	0.5	90.58	-18.0	73	48
130.txt	b	0.8	88.46	-20.0	73	48
130.txt	b	1.0	85.71	-25.0	73	48
148.txt	a	0.0	81.22	4.0	18	30
148.txt	a	0.5	90.78	-8.0	18	30
148.txt	a	0.8	74.14	-11.0	18	30
148.txt	a	1.0	79.47	-15.0	18	30
148.txt	b	0.0	84.07	4.0	18	30
148.txt	b	0.5	91.67	-8.0	18	30
148.txt	b	0.8	89.52	-11.0	18	30
148.txt	b	1.0	92.07	-15.0	18	30
160.txt	a	0.0	86.42	0.0	18	6
160.txt	a	0.5	75.77	-15.0	18	6
160.txt	a	0.8	83.26	-16.0	18	6
160.txt	a	1.0	82.27	-14.0	18	6
17.txt	a	0.0	77.68	-1.0	28	3
17.txt	a	0.5	76.28	-23.0	28	3
17.txt	a	0.8	62.83	-20.0	28	3
17.txt	a	1.0	59.09	-22.0	28	3
170.txt	a	0.0	81.69	5.0	72	46
170.txt	a	0.5	75.45	-18.0	72	46
170.txt	a	0.8	74.97	-20.0	72	46
170.txt	a	1.0	73.17	-31.0	72	46
170.txt	b	0.0	95.27	5.0	72	46
170.txt	b	0.5	90.99	-18.0	72	46
170.txt	b	0.8	87.79	-20.0	72	46
170.txt	b	1.0	85.08	-31.0	72	46
177.txt	a	0.0	78.33	0.0	27	3
177.txt	a	0.5	79.19	-22.0	27	3
177.txt	a	0.8	75.86	-20.0	27	3
177.txt	a	1.0	76.33	-22.0	27	3
198.txt	a	0.0	84.35	-1.0	72	21
198.txt	a	0.5	82.86	-18.0	72	21
198.txt	a	0.8	79.16	-21.0	72	21
198.txt	a	1.0	80.01	-26.0	72	21
198.txt	b	0.0	98.08	-1.0	72	21
198.txt	b	0.5	97.28	-18.0	72	21
198.txt	b	0.8	96.54	-21.0	72	21
198.txt	b	1.0	95.44	-26.0	72	21
20.txt	a	0.0	84.71	1.0	18	7
20.txt	a	0.5	89.00	-6.0	18	7
20.txt	a	0.8	86.92	-9.0	18	7
20.txt	a	1.0	84.96	-15.0	18	7
20.txt	b	0.0	99.88	1.0	18	7
20.txt	b	0.5	99.83	-6.0	18	7
20.txt	b	0.8	99.39	-9.0	18	7
20.txt	b	1.0	98.29	-15.0	18	7
200.txt	a	0.0	84.26	0.0	18	17
200.txt	a	0.5	73.76	-10.0	18	17
200.txt	a	0.8	78.20	-12.0	18	17
200.txt	a	1.0	77.84	-14.0	18	17
200.txt	b	0.0	99.55	0.0	18	17
200.txt	b	0.5	97.55	-10.0	18	17
200.txt	b	0.8	94.01	-12.0	18	17
200.txt	b	1.0	92.22	-14.0	18	17
209.txt	a	0.0	79.43	0.0	27	14
209.txt	a	0.5	79.15	-19.0	27	14
209.txt	a	0.8	77.92	-19.0	27	14
209.txt	a	1.0	81.44	-21.0	27	14
209.txt	b	0.0	97.02	0.0	27	14
209.txt	b	0.5	98.16	-19.0	27	14
209.txt	b	0.8	98.53	-19.0	27	14
209.txt	b	1.0	98.90	-21.0	27	14
253.txt	a	0.0	67.22	-1.0	27	5
253.txt	a	0.5	74.44	-21.0	27	5
253.txt	a	0.8	73.36	-19.0	27	5
253.txt	a	1.0	81.19	-19.0	27	5
26.txt	a	0.0	88.48	10.0	74	52
26.txt	a	0.5	86.41	-24.0	74	52
26.txt	a	0.8	83.78	-22.0	74	52
26.txt	a	1.0	84.57	-25.0	74	52
26.txt	b	0.0	99.13	10.0	74	52
26.txt	b	0.5	97.95	-24.0	74	52
26.txt	b	0.8	97.39	-22.0	74	52
26.txt	b	1.0	96.61	-25.0	74	52
268.txt	a	0.0	77.34	0.0	18	5
268.txt	a	0.5	76.97	-14.0	18	5
268.txt	a	0.8	76.01	-16.0	18	5
268.txt	a	1.0	80.96	-15.0	18	5
270.txt	a	0.0	87.75	5.0	72	35
270.txt	a	0.5	84.38	-17.0	72	35
270.txt	a	0.8	84.54	-17.0	72	35
270.txt	a	1.0	82.88	-27.0	72	35
270.txt	b	0.0	99.69	5.0	72	35
270.txt	b	0.5	98.07	-17.0	72	35
270.txt	b	0.8	95.96	-17.0	72	35
270.txt	b	1.0	94.01	-27.0	72	35
298.txt	a	0.0	80.54	-1.0	74	31
298.txt	a	0.5	80.84	-17.0	74	31
298.txt	a	0.8	79.57	-20.0	74	31
298.txt	a	1.0	78.16	-21.0	74	31
298.txt	b	0.0	98.10	-1.0	74	31
298.txt	b	0.5	96.64	-17.0	74	31
298.txt	b	0.8	93.12	-20.0	74	31
298.txt	b	1.0	90.46	-21.0	74	31
316.txt	a	0.0	94.83	1.0	18	3
316.txt	a	0.5	90.41	-12.0	18	3
316.txt	a	0.8	91.86	-11.0	18	3
316.txt	a	1.0	91.26	-15.0	18	3
316.txt	b	0.0	99.96	1.0	18	3
316.txt	b	0.5	99.65	-12.0	18	3
316.txt	b	0.8	99.40	-11.0	18	3
316.txt	b	1.0	99.22	-15.0	18	3
325.txt	a	0.0	75.37	-2.0	28	4
325.txt	a	0.5	66.45	-22.0	28	4
325.txt	a	0.8	85.61	-23.0	28	4
325.txt	a	1.0	80.97	-25.0	28	4
332.txt	a	0.0	84.67	2.0	18	12
332.txt	a	0.5	80.59	-10.0	18	12
332.txt	a	0.8	79.91	-8.0	18	12
332.txt	a	1.0	78.71	-13.0	18	12
332.txt	b	0.0	100.00	2.0	18	12
332.txt	b	0.5	99.67	-10.0	18	12
332.txt	b	0.8	99.65	-8.0	18	12
332.txt	b	1.0	99.47	-13.0	18	12
360.txt	a	0.0	83.46	-1.0	18	19
360.txt	a	0.5	86.73	-10.0	18	19
360.txt	a	0.8	77.87	-12.0	18	19
360.txt	a	1.0	76.21	-13.0	18	19
360.txt	b	0.0	99.92	-1.0	18	19
360.txt	b	0.5	99.61	-10.0	18	19
360.txt	b	0.8	99.25	-12.0	18	19
360.txt	b	1.0	98.74	-13.0	18	19
361.txt	a	0.0	80.76	-2.0	27	19
361.txt	a	0.5	87.03	-18.0	27	19
361.txt	a	0.8	74.60	-17.0	27	19
361.txt	a	1.0	86.05	-19.0	27	19
361.txt	b	0.0	99.84	-2.0	27	19
361.txt	b	0.5	99.68	-18.0	27	19
361.txt	b	0.8	99.46	-17.0	27	19
361.txt	b	1.0	99.34	-19.0	27	19
368.txt	a	0.0	67.16	-1.0	18	11
368.txt	a	0.5	79.36	-12.0	18	11
368.txt	a	0.8	72.77	-12.0	18	11
368.txt	a	1.0	69.63	-15.0	18	11
368.txt	b	0.0	89.88	-1.0	18	11
368.txt	b	0.5	85.99	-12.0	18	11
368.txt	b	0.8	84.16	-12.0	18	11
368.txt	b	1.0	83.21	-15.0	18	11
45.txt	a	0.0	70.75	-4.0	27	12
45.txt	a	0.5	91.54	-24.0	27	12
45.txt	a	0.8	64.81	-23.0	27	12
45.txt	a	1.0	65.93	-22.0	27	12
76.txt	a	0.0	89.64	1.0	18	23
76.txt	a	0.5	85.24	-6.0	18	23
76.txt	a	0.8	86.97	-8.0	18	23
76.txt	a	1.0	76.39	-8.0	18	23
76.txt	b	0.0	99.90	1.0	18	23
76.txt	b	0.5	99.12	-6.0	18	23
76.txt	b	0.8	98.39	-8.0	18	23
76.txt	b	1.0	97.33	-8.0	18	23
77.txt	a	0.0	89.03	3.0	27	24
77.txt	a	0.5	90.32	-13.0	27	24
77.txt	a	0.8	84.40	-14.0	27	24
77.txt	a	1.0	81.83	-15.0	27	24
77.txt	b	0.0	99.89	3.0	27	24
77.txt	b	0.5	98.89	-13.0	27	24
77.txt	b	0.8	98.43	-14.0	27	24
77.txt	b	1.0	97.73	-15.0	27	24
9.txt	a	0.0	92.76	0.0	28	14
9.txt	a	0.5	77.85	-20.0	28	14
9.txt	a	0.8	79.96	-19.0	28	14
9.txt	a	1.0	75.69	-20.0	28	14
9.txt	b	0.0	99.82	0.0	28	14
9.txt	b	0.5	99.93	-20.0	28	14
9.txt	b	0.8	99.85	-19.0	28	14
9.txt	b	1.0	99.85	-20.0	28	14
File	Mode	Alpha	AUC	Delta	#MutEst	#MutReal
