0.25 0.25 0.25 0.25
0.25 0.25 0.25 0.25
0.25 0.25 0.25 0.25
0.25 0.25 0.25 0.25
0.25 0.25 0.25 0.25
0.25 0.25 0.25 0.25
0.25 0.25 0.25 0.25
0.25 0.25 0.25 0.25
0.25 0.25 0.25 0.25
0.25 0.25 0.25 0.25
0.25 0.25 0.25 0.25
0.25 0.25 0.25 0.25
0.25 0.25 0.25 0.25
0.25 0.25 0.25 0.25
0.25 0.25 0.25 0.25
0.25 0.25 0.25 0.25
0.25 0.25 0.25 0.25
0.25 0.25 0.25 0.25
0.25 0.25 0.25 0.25
0.25 0.25 0.25 0.25
0.25 0.25 0.25 0.25
0.25 0.25 0.25 0.25
0.25 0.25 0.25 0.25
0.25 0.25 0.25 0.25
0.25 0.25 0.25 0.25
0.25 0.25 0.25 0.25
0.25 0.25 0.25 0.25
0.25 0.25 0.25 0.25
0.25 0.25 0.25 0.25
0.0270453995531841 0.182043696455235 0.76295626487141 0.0279546391201706
0.0362701217516459 0.642182506795149 0.226133633238322 0.095413738214883
0.25 0.25 0.25 0.25
0.069587605388417 0.194958937570721 0.69431629380806 0.041137163232802
0.00179081455961153 0.440739847931326 0.180875452517419 0.376593884991644
0.0169194692855037 0.1463284161135 0.834095634141574 0.00265648045942211
0.00315175466335776 0.571768588627662 0.418277222184581 0.00680243452439961
0.00416453724807354 0.427341240915385 0.56317754957517 0.00531667226137171
0.0891135735316707 0.561149881018526 0.292617094933884 0.0571194505159193
0.25 0.25 0.25 0.25
0.25 0.25 0.25 0.25
0.25 0.25 0.25 0.25
0.25 0.25 0.25 0.25
0.25 0.25 0.25 0.25
0.25 0.25 0.25 0.25
0.25 0.25 0.25 0.25
0.25 0.25 0.25 0.25
0.25 0.25 0.25 0.25
0.25 0.25 0.25 0.25
0.035977506162464 0.279464931260242 0.582994938671602 0.101562623905692
0.00463229456931442 0.552605599192816 0.430693197038666 0.0120689091992028
0.00180643686774079 0.447824453793633 0.156781049883004 0.393588059455622
0.00587303535043138 0.355378401621714 0.633355100755937 0.00539346227191775
0.042466291179134 0.525463911256874 0.388526445608682 0.04354335195531
0.0346909039834806 0.290210435217942 0.573703003750312 0.101395657048266
0.0413341123596008 0.509782108670216 0.408200713876123 0.0406830650940604
0.25 0.25 0.25 0.25
0.25 0.25 0.25 0.25
0.25 0.25 0.25 0.25
0.25 0.25 0.25 0.25
0.0694636529821771 0.142892268600652 0.744991544103282 0.0426525343138881
0.00355832156353897 0.295011593100027 0.697409390536246 0.00402069480018835
0.00307722275393035 0.615541573662769 0.374282880488622 0.00709832309467864
0.00559129180417376 0.569497290869514 0.408053047992453 0.0168583693338596
0.00412320803574924 0.420341988466106 0.570332880513564 0.00520192298458077
0.0890835996588955 0.559815915953113 0.294065984968574 0.0570344994194171
0.25 0.25 0.25 0.25
0.25 0.25 0.25 0.25
0.25 0.25 0.25 0.25
0.25 0.25 0.25 0.25
0.25 0.25 0.25 0.25
0.25 0.25 0.25 0.25
0.25 0.25 0.25 0.25
0.0358928040043016 0.280754778756343 0.580957605364709 0.102394811874646
0.00324843709935192 0.56729339396598 0.422295474351333 0.00716269458333516
0.0119195177423943 0.40531946806112 0.574436142460977 0.00832487173550926
0.00408213095346269 0.37254105105884 0.618557765803984 0.00481905218371344
0.00251988045862788 0.694653854481174 0.296512407441586 0.00631385761861235
0.0363070872644917 0.711908458255605 0.149237710130714 0.10254674434919
0.0366631470282345 0.268605242056893 0.592701447542221 0.102030163372652
0.00509385249592876 0.475112114578813 0.505688056068899 0.0141059768563595
0.00435467722125865 0.38112828172042 0.609512161198137 0.00500487986018539
0.00394573474060657 0.628778082808113 0.354396887631185 0.0128792948200958
0.0233695952882961 0.792773582275204 0.132629364030067 0.0512274584064328
0.25 0.25 0.25 0.25
0.25 0.25 0.25 0.25
0.25 0.25 0.25 0.25
0.038377221645527 0.234435512679546 0.623075993133299 0.104111272541629
0.00380157899881627 0.325922547741368 0.666094851471405 0.00418102178841161
0.00276687782758473 0.659427277549756 0.331135096458854 0.00667074816380582
0.00323782368121956 0.761380723353188 0.225225348178141 0.0101561047874519
0.0488315143463499 0.101874343413206 0.840036071741281 0.00925807049916338
0.25 0.25 0.25 0.25
0.182765694256398 0.344104706129227 0.202131666648794 0.270997932965582
0.25 0.25 0.25 0.25
0.25 0.25 0.25 0.25
0.25 0.25 0.25 0.25
0.0310318517881065 0.356287259368227 0.53986060392047 0.0728202849231971
0.0126667323082787 0.143055204899845 0.842048602260594 0.00222946053128236
0.00422264994702553 0.556013733632963 0.426770458967546 0.0129931574524653
0.00314946473291156 0.670460028619175 0.318961553886619 0.0074289527612952
0.00567900091779847 0.576566424994507 0.400574999192052 0.017179574895642
0.00546723662661906 0.388295013529308 0.599087643083786 0.00715010676028762
0.0130684261020624 0.152664848262365 0.831837889685967 0.00242883594960557
0.00411059820095822 0.56045185731887 0.422506909284427 0.0129306351957449
0.0437886304873258 0.567773886398509 0.342922371318549 0.045515111795617
0.25 0.25 0.25 0.25
0.25 0.25 0.25 0.25
0.0294458886609705 0.115248054575157 0.827608592903462 0.0276974638604119
0.00371886398735784 0.253807325254505 0.73847046709779 0.00400334366034816
0.0104537294693824 0.417840474719796 0.565850265314011 0.00585553049681199
0.00142175260452791 0.123319949682195 0.00790276343231765 0.86735553428096
0.25 0.25 0.25 0.25
0.25 0.25 0.25 0.25
0.25 0.25 0.25 0.25
0.25 0.25 0.25 0.25
0.0153945223362487 0.00731334678515237 0.975599399492775 0.0016927313858245
0.00444188209808564 0.478963169792233 0.503967833312356 0.0126271147973261
0.00434247660319952 0.382466983511028 0.60819526954969 0.00499527033608324
0.00394640538249355 0.629070547802424 0.354098746621282 0.0128843001938005
0.0233689704397926 0.792801647979945 0.132602002915646 0.0512273786646166
0.25 0.25 0.25 0.25
0.25 0.25 0.25 0.25
0.0694326750978941 0.143369205284531 0.744623774201711 0.0425743454158634
0.00432534635348844 0.283192469042127 0.70704848304461 0.00543370155977475
0.012978211532194 0.13460612195403 0.850031455034094 0.00238421147968239
0.00799070063986537 0.455100441088777 0.530910719734643 0.00599813853671521
0.0234127842171091 0.772836782048375 0.152388544701113 0.0513618890334033
0.25 0.25 0.25 0.25
0.25 0.25 0.25 0.25
0.25 0.25 0.25 0.25
0.25 0.25 0.25 0.25
0.0160602383907574 0.00633795869898834 0.975867502141433 0.00173430076882149
0.00341805848914148 0.312960594862585 0.680116396340914 0.00350495030736047
0.00476943154165729 0.541563465008598 0.439507368172681 0.014159735277064
0.00537174021199534 0.554925231303833 0.423562786963069 0.0161402415211035
0.0115762258545169 0.406790349469428 0.573581730158851 0.00805169451720465
0.00374998191758899 0.414340410451158 0.577256777362973 0.00465283026828083
0.0237435801881413 0.768296170506784 0.156600509554755 0.051359739750321
0.25 0.25 0.25 0.25
0.0331147706131699 0.307127993811738 0.558975775361651 0.100781460213442
0.086745752993276 0.53895755252256 0.321163692792303 0.0531330016918625
0.25 0.25 0.25 0.25
0.064836561332021 0.183665631484449 0.7085285394773 0.042969267706231
0.0394629792566215 0.48479414918807 0.43562530924937 0.0401175623059402
0.25 0.25 0.25 0.25
0.25 0.25 0.25 0.25
0.25 0.25 0.25 0.25
0.25 0.25 0.25 0.25
0.25 0.25 0.25 0.25
0.25 0.25 0.25 0.25
0.0333898483955613 0.145768808036034 0.781557565567955 0.03928377800045
0.0116739197663968 0.134135449345731 0.852119869906606 0.00207076098126662
0.00262393228285018 0.633748255888925 0.357450975111819 0.00617683671640665
0.0442788929891642 0.584341525316521 0.324548817192212 0.0468307645021039
0.25 0.25 0.25 0.25
0.0276247236349715 0.153859297982727 0.790253970570472 0.0282620078118309
0.0401533458476428 0.479143111503785 0.440839746308624 0.0398637963399488
0.25 0.25 0.25 0.25
0.248519392901319 0.196327273212537 0.357004580087931 0.198148753798213
0.25 0.25 0.25 0.25
0.25 0.25 0.25 0.25
0.25 0.25 0.25 0.25
0.25 0.25 0.25 0.25
0.183480038824563 0.344481551993016 0.202332528907911 0.269705880274512
0.25 0.25 0.25 0.25
0.0235040290213546 0.430811855576982 0.495502873973558 0.0501812414281061
0.0234219017019228 0.767932548190616 0.158699399852561 0.0499461502549009
0.25 0.25 0.25 0.25
0.0287292755120575 0.313928540344525 0.602443009597248 0.0548991745461705
0.00407344800847921 0.355903931538449 0.63585164459685 0.00417097585622195
0.0013301233507021 0.523262901661679 0.13487608697629 0.34053088801133
0.0338843709644696 0.758988036114337 0.15116820774667 0.0559593851745241
0.25 0.25 0.25 0.25
0.25 0.25 0.25 0.25
0.25 0.25 0.25 0.25
0.25 0.25 0.25 0.25
0.25 0.25 0.25 0.25
0.0238464967986835 0.425388577092159 0.50106520927343 0.0496997168357281
0.0363067423996072 0.675847893344653 0.190328150233964 0.0975172140217761
0.25 0.25 0.25 0.25
0.0331147707680546 0.307127994040702 0.558975775616616 0.100781459574629
0.0867457528330069 0.538957552325565 0.321163692406299 0.0531330024351298
0.25 0.25 0.25 0.25
0.0282677329096296 0.151950631135905 0.791388173600407 0.0283934623540595
0.00291399956359793 0.574429621595855 0.416079241155839 0.00657713768470845
0.00540071379682204 0.568668807519489 0.409441330189809 0.0164891484938813
0.0112910897137499 0.420902430346704 0.559774383111184 0.00803209682836236
0.00973150975556535 0.437106953969055 0.545991690530095 0.00716984574528529
0.00311217584368573 0.6775202319091 0.313353369326257 0.00601422292095772
0.00146758923131923 0.132065605246704 0.00660466811648917 0.859862137405488
0.25 0.25 0.25 0.25
0.25 0.25 0.25 0.25
0.25 0.25 0.25 0.25
0.0283972703829869 0.14774520918466 0.795801396898265 0.0280561235340883
0.00439142063823162 0.527193345962267 0.456707158987258 0.0117080744122438
0.00153825106399223 0.516954023881293 0.135452082369715 0.346055642685001
0.00365287801703437 0.704292446797847 0.284973292584864 0.00708138260025503
0.0361949055249892 0.711632135693855 0.14974863961902 0.102424319162137
0.25 0.25 0.25 0.25
0.0293209142322899 0.118969012713539 0.823976513174039 0.027733559880133
0.00438230480916019 0.277671866666157 0.712582722493607 0.00536310603107596
0.0131058753555461 0.1297604706612 0.854749256816565 0.00238439716668983
0.0109375528497342 0.381070065698884 0.599179987574616 0.00881239387676575
0.0133540392342953 0.134172301297256 0.850018062704699 0.00245559676374943
0.00907563091944943 0.390359690291891 0.594193443487494 0.00637123530116571
0.00343974195503729 0.589723977460653 0.398990368429705 0.00784591215460537
0.00443070717333023 0.411095778796561 0.57907579471011 0.00539771931999969
0.0429284239927646 0.537145356645878 0.375706929502279 0.0442192898590785
0.25 0.25 0.25 0.25
0.25 0.25 0.25 0.25
0.25 0.25 0.25 0.25
0.25 0.25 0.25 0.25
0.25 0.25 0.25 0.25
0.0255152873658075 0.378239881725252 0.543613616183535 0.0526312147254063
0.0420232171580683 0.52669750828933 0.388847873708127 0.042431400844475
0.25 0.25 0.25 0.25
0.0367637272133263 0.258532028647107 0.601224460903628 0.103479783235939
0.00829406680498053 0.445988358055763 0.539667926204935 0.00604964893432174
0.0234770600738662 0.771154053131444 0.153959541175596 0.0514093456190943
0.25 0.25 0.25 0.25
0.0359625673337963 0.279384519870996 0.582225507191664 0.102427405603544
0.00332851646447277 0.560457791218046 0.429018191108335 0.00719550120914735
0.004415282166613 0.414695894823326 0.575617527139326 0.00527129587073552
0.00252121669433244 0.701947176203803 0.289183798351775 0.00634780875009058
0.0362910223769795 0.712622762844294 0.148502979976625 0.102583234802103
0.25 0.25 0.25 0.25
0.067016926825219 0.174015399652476 0.71623127043986 0.0427364030824466
0.00432205944138862 0.505333835128211 0.477471451965351 0.0128726534650505
0.00491593253455439 0.587101275324453 0.393092345048346 0.0148904470926485
0.00522752692565941 0.576396883659947 0.402406017118568 0.0159695722958259
0.0108358795901236 0.48133718377889 0.500707876149553 0.0071190604814349
0.00157427409657537 0.490893087897755 0.14775124973087 0.3597813882748
0.00483834105083977 0.604856880231051 0.381671058189142 0.00863372052896766
0.0112358112405337 0.440146583517381 0.540434323047066 0.00818328219502032
0.00892877596948767 0.484932545095382 0.499319303879952 0.00681937505517945
0.0363008064843526 0.683652147349547 0.179428677643574 0.100618368522527
0.25 0.25 0.25 0.25
0.25 0.25 0.25 0.25
0.25 0.25 0.25 0.25
0.25 0.25 0.25 0.25
0.25 0.25 0.25 0.25
0.25 0.25 0.25 0.25
0.25 0.25 0.25 0.25
0.25 0.25 0.25 0.25
0.25 0.25 0.25 0.25
0.25 0.25 0.25 0.25
0.25 0.25 0.25 0.25
0.25 0.25 0.25 0.25
0.25 0.25 0.25 0.25
0.25 0.25 0.25 0.25
0.25 0.25 0.25 0.25
0.25 0.25 0.25 0.25
0.25 0.25 0.25 0.25
0.0671074215421874 0.173004648911544 0.717163088193762 0.0427248413525076
0.00440958871189615 0.495230158056177 0.487342331438663 0.0130179217932658
0.00550015064732552 0.535583974815237 0.442829715065073 0.0160861594723645
0.00541148052761262 0.379470528352724 0.608079120232403 0.00703887088726122
0.013209639795694 0.146894321482837 0.837464836376849 0.00243120234462112
0.00474817325575939 0.49749514151225 0.483708071004562 0.0140486142274287
0.0112277078565498 0.399757239198327 0.581138748099221 0.00787630484590347
0.0103814730703321 0.390585900475696 0.591610249346767 0.00742237710720663
0.00884557670596698 0.475079724225228 0.509360911887291 0.00671378718151425
0.0363179712856406 0.682683114612185 0.180433826000501 0.100565088101674
0.25 0.25 0.25 0.25
0.0695282088921822 0.142155304718293 0.74567778253338 0.0426387038561465
0.00359374972864791 0.287675918245895 0.704701235225244 0.00402909680021344
0.00340567516386503 0.572413881525016 0.416561515530195 0.00761892778092385
0.00417071004247787 0.427024439341886 0.563482582384713 0.00532226823092389
0.0891098138489134 0.561074925817095 0.29270210485014 0.0571131554838519
0.25 0.25 0.25 0.25
0.25 0.25 0.25 0.25
0.25 0.25 0.25 0.25
0.25 0.25 0.25 0.25
0.25 0.25 0.25 0.25
0.0284220304714311 0.149304386530667 0.794141364470754 0.0281322185271485
0.00389998112247571 0.535538984017578 0.448138025867607 0.0124230089923399
0.0899843849173031 0.580054022214758 0.272027419937922 0.0579341729300175
0.25 0.25 0.25 0.25
0.0255152874703767 0.378239881870521 0.543613616249408 0.0526312144096952
0.0420232170627859 0.526697508257376 0.388847873473184 0.0424314012066538
0.25 0.25 0.25 0.25
0.25 0.25 0.25 0.25
0.25 0.25 0.25 0.25
0.25 0.25 0.25 0.25
0.25 0.25 0.25 0.25
0.25 0.25 0.25 0.25
0.25 0.25 0.25 0.25
0.25 0.25 0.25 0.25
0.25 0.25 0.25 0.25
0.25 0.25 0.25 0.25
0.0291651964751616 0.123677690574585 0.819250363241576 0.0279067497086781
0.00330831834551226 0.341719305819634 0.651083191333183 0.00388918450167137
0.0238876361293112 0.760594650074518 0.164208863954046 0.0513088498421256
0.25 0.25 0.25 0.25
0.25 0.25 0.25 0.25
0.25 0.25 0.25 0.25
0.25 0.25 0.25 0.25
0.25 0.25 0.25 0.25
0.0359653287853237 0.279677691405753 0.582801935316669 0.101555044492255
0.00461980438203294 0.55398150536107 0.429350485235049 0.0120482050218495
0.00173608428397589 0.453206984608163 0.151976243641057 0.393080687466804
0.0155702483394502 0.364896433173314 0.611110870034094 0.0084224484531423
0.0103769729618358 0.369693407809483 0.612596154494966 0.00733346473371634
0.00989616290428927 0.413440960314049 0.569525469446258 0.00713740733540413
0.00333797858286151 0.602819831461385 0.386048194463706 0.00779399549204938
0.011765847000808 0.420654716675631 0.55917087225252 0.00840856407104224
0.0109075795972933 0.373573983264822 0.607927697896557 0.00759073924132873
0.00376777065995721 0.402099139580127 0.589559029971844 0.00457405978807301
0.0367847978893372 0.674941685973095 0.188265741608279 0.10000777452929
0.25 0.25 0.25 0.25
0.25 0.25 0.25 0.25
0.25 0.25 0.25 0.25
0.0162342932830638 0.00614990284378578 0.975876108663594 0.0017396952095575
0.00363456626343173 0.265142997432275 0.727629856999368 0.00359257930492618
0.00398582462271301 0.337680220958126 0.65379494580123 0.00453900861793215
0.00282500391575599 0.64738137282646 0.342844776205104 0.00694884705268068
0.0443956952754274 0.585967667107923 0.322656557980929 0.0469800796357212
0.25 0.25 0.25 0.25
0.25 0.25 0.25 0.25
0.25 0.25 0.25 0.25
0.25 0.25 0.25 0.25
0.035892106750727 0.280979379255828 0.581619367779738 0.101509146213708
0.00452465122737626 0.562868437346482 0.420675260022666 0.0119316514034764
0.00135054114669251 0.507832304258862 0.122134129533118 0.368683025061328
0.123771299268306 0.536292763421731 0.278648038031295 0.0612878992786685
0.25 0.25 0.25 0.25
0.25 0.25 0.25 0.25
0.182765694256398 0.344104706129226 0.202131666648794 0.270997932965583
0.25 0.25 0.25 0.25
0.25 0.25 0.25 0.25
0.25 0.25 0.25 0.25
0.25 0.25 0.25 0.25
0.247726683945802 0.196208107119793 0.356601601116125 0.199463607818281
0.25 0.25 0.25 0.25
0.25 0.25 0.25 0.25
0.0411611486739693 0.263640172164011 0.556419501365376 0.138779177796645
0.0124718597056253 0.121386750944783 0.864043469614549 0.00209791973504354
0.00819290137743921 0.419012291971374 0.566607187372516 0.00618761927867202
0.088219978403501 0.560468008758115 0.294268540256434 0.0570434725819509
0.0373024003192533 0.248450821046687 0.610471037149753 0.103775741484308
0.00939737320585014 0.379313283576337 0.604951357158999 0.00633798605881478
0.00452279021992794 0.576085449800453 0.405313441230692 0.0140783187489279
0.00303506114491488 0.6858842797013 0.303829694440008 0.00725096471377792
0.00470766610178441 0.651601979545378 0.328646973724586 0.0150433806282524
0.00522424033241952 0.687315881084643 0.285721232969555 0.0217386456133836
0.048370034089503 0.0984126778883428 0.844272135473355 0.00894515254879963
0.25 0.25 0.25 0.25
0.25 0.25 0.25 0.25
0.366527423458289 0.172028222236638 0.253433821030063 0.20801053327501
0.25 0.25 0.25 0.25
0.25 0.25 0.25 0.25
0.25 0.25 0.25 0.25
0.25 0.25 0.25 0.25
0.25 0.25 0.25 0.25
0.25 0.25 0.25 0.25
0.191134742392804 0.242277281007634 0.176763525874015 0.389824450725547
0.25 0.25 0.25 0.25
0.25 0.25 0.25 0.25
0.00566476459574219 0.141023047530958 0.101693057284898 0.751619130588402
0.0167350415933866 0.283560257481672 0.692319485104633 0.00738521582030978
0.0106273244670241 0.326178250354139 0.656018035706604 0.00717638947223391
0.00429477723165735 0.302046641474814 0.688840467183419 0.00481811411011105
0.00980713653347198 0.402929110024099 0.580356632015907 0.00690712142652331
0.00413074197317711 0.600503025399119 0.381520527661972 0.0138457049657329
0.0901657971849386 0.589318264488595 0.262060758190249 0.0584551801362188
0.25 0.25 0.25 0.25
0.25 0.25 0.25 0.25
0.25 0.25 0.25 0.25
0.25 0.25 0.25 0.25
0.25 0.25 0.25 0.25
0.25 0.25 0.25 0.25
0.25 0.25 0.25 0.25
0.0288729098468467 0.311998169491251 0.604074832155707 0.055054088506197
0.00395461138013512 0.341210536679534 0.650375608499004 0.00445924344132794
0.00285050051295398 0.650948404215433 0.339368729063103 0.00683236620851154
0.00319470033233978 0.724994555491671 0.265540876404859 0.00626986777113111
0.00147131563765369 0.13357721068796 0.00641828027801446 0.858533193396373
0.0662064286049899 0.181873527186134 0.70874302592723 0.0431770182816469
0.00281473593894116 0.586785194018849 0.403858463429257 0.00654160661295429
0.00504992067122504 0.603282396928483 0.376114801834923 0.0155528805653701
0.00563263431110371 0.554255779238072 0.423430646435567 0.016680940015259
0.00454981479914615 0.384172221848775 0.606064012154286 0.00521395119779351
0.00471807327967785 0.565139971187479 0.415860294369773 0.0142816611630706
0.00483545713577517 0.608123373785992 0.372191415407422 0.0148497536708117
0.00587947723774193 0.605814139214076 0.36743940438871 0.0208669791594727
0.014164823814926 0.151086438436368 0.832122848260028 0.0026258894886787
0.00826210383249717 0.427718428667271 0.557767606550419 0.00625186094981408
0.0882473136813933 0.561653476067793 0.292985415390214 0.0571137948606004
0.25 0.25 0.25 0.25
0.25 0.25 0.25 0.25
0.25 0.25 0.25 0.25
0.0280145507546604 0.159564683640181 0.783888945461102 0.0285318201440581
0.00237852598154318 0.648523906877416 0.343229964339761 0.00586760280128133
0.0233336550776803 0.796705909954031 0.128250781719385 0.0517096532489043
0.25 0.25 0.25 0.25
0.25 0.25 0.25 0.25
0.25 0.25 0.25 0.25
0.0266022946489031 0.365393589189742 0.554762347409396 0.0532417687519598
0.00342002373368087 0.575940505682311 0.413073474382878 0.00756599620113036
0.00459381461222234 0.397078354380782 0.592976075003034 0.00535175600396131
0.0047439908054875 0.590161894466448 0.391986934787567 0.013107179940498
0.00159524309393158 0.503176585441473 0.135032654967068 0.360195516497527
0.00684923651638766 0.595153431596634 0.383033223059257 0.0149641088277215
0.00152932431140203 0.523978878330993 0.130615543516482 0.343876253841123
0.00358030439777312 0.709897243748666 0.279454668299457 0.00706778355410422
0.0231410576786238 0.801647443875921 0.123561511381 0.051649987064456
0.25 0.25 0.25 0.25
0.25 0.25 0.25 0.25
0.25 0.25 0.25 0.25
0.25 0.25 0.25 0.25
0.25 0.25 0.25 0.25
0.25 0.25 0.25 0.25
0.0346909039834807 0.290210435217942 0.573703003750312 0.101395657048266
0.0413341123596008 0.509782108670216 0.408200713876123 0.0406830650940604
0.25 0.25 0.25 0.25
0.0676081483092675 0.167351645556673 0.722416286829375 0.0426239193046849
0.00482761336797516 0.444478469941053 0.536906389210809 0.0137875274801639
0.00438896690306651 0.364948908108525 0.625686494803936 0.00497563018447264
0.00458602654638081 0.572796270817714 0.408623453139313 0.0139942494965923
0.00409810186515466 0.663873067271571 0.318696849935296 0.0133319809279787
0.036374594570056 0.706390541070735 0.155922374432046 0.101312489927163
0.25 0.25 0.25 0.25
0.25 0.25 0.25 0.25
0.25 0.25 0.25 0.25
0.25 0.25 0.25 0.25
0.25 0.25 0.25 0.25
0.25 0.25 0.25 0.25
0.0683868542292215 0.14948106373803 0.739316170467019 0.0428159115657306
0.00914773038993756 0.316509163547074 0.66805731780961 0.00628578825337919
0.00969958903833417 0.406245597015443 0.57709093127597 0.00696388267025313
0.00315718333351858 0.622583737842738 0.366767354959478 0.00749172386426652
0.00950701540176888 0.534366934565924 0.448758982019445 0.00736706801286293
0.0361852139583408 0.689065849965779 0.173790345388388 0.100958590687493
0.25 0.25 0.25 0.25
0.024201282546277 0.397448843439771 0.526263885449511 0.0520859885644417
0.0876312576327468 0.553292087658195 0.303974826403801 0.055101828305257
0.0287885783251496 0.127962985861873 0.815240444431362 0.0280079913816152
0.00883414772755757 0.351972557966065 0.633120700268665 0.00607259403771276
0.00318044070526736 0.605064602663656 0.384281813141843 0.00747314348923437
0.011550109826896 0.501628864562662 0.480040174762659 0.00678085084778353
0.00142876566647032 0.125892645370083 0.00757731036052094 0.865101278602926
0.25 0.25 0.25 0.25
0.0150921078420718 0.00764270134807896 0.975583367322499 0.00168182348735162
0.00372349276287462 0.564885815377842 0.41997251245373 0.0114181794055545
0.00247758895137056 0.73579891941026 0.255333079963481 0.00639041167488879
0.0231313107637883 0.805328808897725 0.119814204150293 0.051725676188195
0.25 0.25 0.25 0.25
0.25 0.25 0.25 0.25
0.25 0.25 0.25 0.25
0.25 0.25 0.25 0.25
0.0276941062691978 0.332323899340161 0.585594887240004 0.0543871071506377
0.00989152079730615 0.420355995577377 0.563490971717306 0.00626151190801146
0.00157764526115999 0.483065583081157 0.153516038950805 0.361840732706878
0.00493083884832221 0.595815046182199 0.39051428144127 0.00873983352820937
0.0121580586413679 0.397803363648686 0.581587941248779 0.00845063646116767
0.00437288298486839 0.317148120763745 0.6735160983956 0.00496289785578712
0.0101021098281615 0.424535645611906 0.558904781257265 0.00645746330266838
0.00144776189663055 0.481648787702305 0.14383690353449 0.373066546866575
0.0609603762859185 0.522731624532847 0.368147157623937 0.0481608415572981
0.25 0.25 0.25 0.25
0.247726683945801 0.196208107119793 0.356601601116126 0.19946360781828
0.00590802269595412 0.133751364361745 0.105224382619615 0.755116230322686
0.00684911191393306 0.223738663926223 0.764687716226702 0.00472450793314242
0.00387912607077942 0.329485313486498 0.662218899642781 0.00441666079994181
0.00262438076642703 0.663116935501063 0.327479188763351 0.00677949496916039
0.09057499797277 0.601708675791577 0.247971780099287 0.0597445461363661
0.25 0.25 0.25 0.25
0.0287877352745438 0.127990375115993 0.815213301519218 0.028008588090246
0.00882971355225626 0.352271071912505 0.63282766407595 0.00607155045928917
0.0031904755250519 0.606383421669732 0.382942686055552 0.00748341674966426
0.00973243146946435 0.502997312978226 0.479485659965705 0.00778459558660453
0.0885562509054005 0.571576305463625 0.282079147517278 0.0577882961136974
0.25 0.25 0.25 0.25
0.25 0.25 0.25 0.25
0.25 0.25 0.25 0.25
0.024201282546277 0.397448843439771 0.526263885449511 0.0520859885644417
0.0876312576327467 0.553292087658195 0.303974826403801 0.055101828305257
0.25 0.25 0.25 0.25
0.0260534593182468 0.378310508083113 0.542953799511928 0.0526822330867128
0.00357905841996503 0.6299715184398 0.357192805473663 0.00925661766657179
0.0143751921718117 0.155863333513297 0.82703732107743 0.00272415323746131
0.0082759447521469 0.429058566968999 0.556398563639869 0.00626692463898586
0.0882522854387792 0.561846521360759 0.292775262898033 0.0571259303024284
0.25 0.25 0.25 0.25
0.25 0.25 0.25 0.25
0.25 0.25 0.25 0.25
0.25 0.25 0.25 0.25
0.25 0.25 0.25 0.25
0.25 0.25 0.25 0.25
0.25 0.25 0.25 0.25
0.25 0.25 0.25 0.25
0.25 0.25 0.25 0.25
0.25 0.25 0.25 0.25
0.0359676630736009 0.279299660914854 0.582301662445702 0.102431013565843
0.00332296606760093 0.560155702433814 0.429334947109154 0.00718638438943125
0.00465487934419693 0.416493455421608 0.573916143807862 0.00493552142633321
0.00183350378952906 0.468789269420323 0.147151392783383 0.382225834006765
0.0162057737456444 0.180012613510439 0.801127959177294 0.00265365356662346
0.0349213445800639 0.6715348090248 0.201174749090561 0.0923690973045746
0.25 0.25 0.25 0.25
0.0623555953967803 0.21955240779295 0.675240642749145 0.042851354061125
0.0230605948439969 0.740432635097997 0.186937736281933 0.0495690337760725
0.25 0.25 0.25 0.25
0.25 0.25 0.25 0.25
0.25 0.25 0.25 0.25
0.25 0.25 0.25 0.25
0.25 0.25 0.25 0.25
0.25 0.25 0.25 0.25
0.25 0.25 0.25 0.25
